4 4 4 4 4 4 4 4 4 4 4 4 4 4 4 4 4 4 4 4 4 4 4 4 4
4 0 0 0 0 0 0 0 0 0 0 0 0 0 0 0 0 0 0 0 0 0 0 0 4
4 0 0 0 0 0 0 0 0 0 0 0 0 0 0 0 0 0 0 0 0 0 0 0 4
4 0 0 0 0 0 0 0 0 0 0 0 0 0 0 0 0 0 0 0 0 0 0 0 4
4 0 0 0 0 0 0 0 0 0 0 0 0 3 0 0 0 0 0 0 0 0 0 0 4
4 0 0 2 3 3 2 2 0 0 0 0 3 3 3 0 0 0 0 0 0 0 0 0 4
4 0 2 2 3 3 3 2 2 0 0 0 3 3 3 3 3 3 0 0 0 0 0 0 4
4 0 0 2 2 3 3 2 2 0 0 0 3 3 0 3 3 3 0 0 0 0 0 0 4
4 0 0 0 2 2 2 2 2 0 0 0 0 0 0 0 0 0 0 0 0 0 0 0 4
4 0 0 0 0 0 0 2 2 2 0 0 0 0 0 0 0 0 0 0 0 0 0 0 4
4 0 0 0 0 0 0 0 2 2 2 0 3 3 3 3 3 3 3 0 0 0 0 0 4
4 0 0 0 0 0 0 0 2 2 0 0 3 3 3 3 1 1 1 0 0 0 0 0 4
4 0 0 0 0 3 0 0 2 2 2 0 0 3 3 3 1 1 3 0 0 0 0 0 4
4 0 0 3 4 4 3 0 0 2 2 2 0 0 1 1 1 1 3 0 0 0 0 0 4
4 0 0 3 4 3 3 0 0 0 2 2 2 0 0 0 3 3 3 0 0 0 0 0 4
4 0 0 3 4 3 4 3 4 0 0 2 2 0 0 0 0 3 0 0 0 0 0 0 4
4 0 0 4 4 4 0 3 3 3 0 2 2 2 0 0 0 0 0 0 0 0 0 0 4
4 0 0 0 0 0 0 0 0 0 0 2 2 0 0 0 0 0 0 0 0 0 0 0 4
4 4 4 4 4 4 4 4 4 4 4 4 4 4 4 4 4 4 4 4 4 4 4 4 4
96 576 100
672 144 100
4
576 96 100
480 288 100
1008 528 100
480 720 100